           1           1
           2           2
           3           3
           4           4
           5          10
           6          11
           7          12
           8           5
           9          13
          10          20
          11          21
          12           6
          13          14
          14          22
          15          15
          16          23
          17           7
          18           8
          19          16
          20          30
          21          24
          22          31
          23          32
          24          17
          25           9
          26          25
          27          26
          28          33
          29          18
          30          40
          31          34
          32          41
          33          19
          34          27
          35          35
          36          42
          37          43
          38          50
          39          28
          40          36
          41          44
          42          51
          43          52
          44          37
          45          29
          46          45
          47          99
          48          60
          49          53
          50          38
          51          61
          52          46
          53          98
          54          54
          55          70
          56          39
          57          89
          58          62
          59          55
          60          47
          61          97
          62          48
          63          63
          64          88
          65          71
          66          79
          67          49
          68          64
          69          56
          70          69
          71          78
          72          87
          73          96
          74          72
          75          80
          76          57
          77          73
          78          65
          79          59
          80          81
          81          58
          82          82
          83          66
          84          68
          85          95
          86          86
          87          74
          88          77
          89          90
          90          67
          91          76
          92          91
          93          75
          94          85
          95          83
          96          94
          97          92
          98          84
          99          93
