       -9999
           1
          11
       -9999
           2
          13
       -9999
           3
          14
       -9999
           4
          14
       -9999
           5
          16
       -9999
           6
          17
       -9999
           7
          18
       -9999
           8
          19
       -9999
           9
          19
       -9999
          10
          20
       -9999
          11
          21
       -9999
          12
          22
       -9999
          13
          24
       -9999
          14
          24
       -9999
          15
          25
       -9999
          16
          27
       -9999
          17
          28
       -9999
          18
          29
       -9999
          19
          29
       -9999
          20
          30
       -9999
          21
          31
       -9999
          22
          33
       -9999
          23
          33
       -9999
          24
          35
       -9999
          25
          36
       -9999
          26
          36
       -9999
          27
          38
       -9999
          28
          39
       -9999
          29
          39
       -9999
          30
          40
       -9999
          31
          42
       -9999
          32
          42
       -9999
          33
          44
       -9999
          34
          45
       -9999
          35
          46
       -9999
          36
          47
       -9999
          37
          47
       -9999
          38
          48
       -9999
          39
          49
       -9999
          40
          51
       -9999
          41
          51
       -9999
          42
          53
       -9999
          43
          54
       -9999
          44
          54
       -9999
          45
          56
       -9999
          46
          56
       -9999
          47
          57
       -9999
          48
          58
       -9999
          49
          59
       -9999
          50
          60
       -9999
          51
          62
       -9999
          52
          62
       -9999
          53
          63
       -9999
          54
          65
       -9999
          55
          65
       -9999
          56
          66
       -9999
          57
          67
       -9999
          58
          67
       -9999
          59
          68
       -9999
          60
          71
       -9999
          61
          71
       -9999
          62
          72
       -9999
          63
          73
       -9999
          64
          75
       -9999
          65
          75
       -9999
          66
          75
       -9999
          67
          76
       -9999
          68
          67
       -9999
          69
          68
       -9999
          70
          80
       -9999
          71
          81
       -9999
          72
          83
       -9999
          73
          83
       -9999
          74
          84
       -9999
          75
          84
       -9999
          76
          75
       -9999
          77
          76
       -9999
          78
          77
       -9999
          79
          68
       -9999
          80
          91
       -9999
          81
          91
       -9999
          82
          92
       -9999
          83
          93
       -9999
          84
          93
       -9999
          85
          84
       -9999
          86
          85
       -9999
          87
          86
       -9999
          88
          77
       -9999
          89
          78
       -9999
          90
          91
       -9999
          91
          92
       -9999
          92
          92
       -9999
          93
          93
       -9999
          94
          93
       -9999
          95
          84
       -9999
          96
          85
       -9999
          97
          86
       -9999
          98
          87
       -9999
          99
          89
